100 67
10 0 64
6 0 44
4 5 25
6 9 18
7 6 22
8 4 29
13 13 37
21 26 45
4 22 46
5 29 53
10 40 64
8 32 56
25 38 55
77 76 82
113 102 98
122 104 92
106 97 98
19 30 34
33 41 103
36 25 94
73 49 83
96 65 63
117 66 39
128 43 50
126 28 66
150 26 52
144 29 46
136 32 57
161 31 67
174 32 54
178 38 37
196 43 38
225 36 58
219 49 50
199 45 57
182 24 83
168 23 102
145 38 94
132 44 92
139 38 106
184 47 63
211 65 65
219 61 60
217 65 44
203 68 49
181 47 120
182 37 164
192 44 122
166 58 134
131 34 139
124 23 143
150 37 143
149 44 129
111 29 113
98 23 114
120 33 130
116 54 139
112 50 127
105 45 105
97 45 93
96 52 111
50 8 90
36 0 84
47 6 84
34 5 63
26 3 59
17 0 54
18 8 81
10 7 60
4 8 37
3 9 25
5 6 26
5 6 26
10 13 28
15 24 31
19 30 60
15 30 61
13 33 66
7 23 56
12 21 52
41 41 65
78 71 87
110 100 111
93 95 92
40 49 48
30 29 97
32 25 102
71 68 97
89 73 86
107 62 69
115 38 56
116 22 82
140 24 63
139 30 51
141 34 62
165 32 77
173 32 67
168 36 50
175 42 47
210 44 58
196 45 62
180 38 76
172 30 90
158 29 93
135 37 86
129 41 89
141 43 102
190 52 86
214 74 75
212 70 50
206 63 49
208 62 72
203 56 98
187 49 124
165 37 130
126 10 161
100 9 164
110 17 170
147 31 168
144 38 149
96 30 130
69 10 126
77 0 134
87 32 116
97 40 121
101 49 113
97 51 100
77 35 98
45 3 87
41 1 89
45 7 82
31 2 60
24 1 57
16 0 51
11 9 58
5 9 46
2 10 33
3 11 34
6 10 39
9 12 47
12 17 49
13 23 50
28 32 61
21 28 56
16 27 55
14 25 55
19 24 54
18 19 49
18 19 47
32 36 61
49 60 80
56 55 73
37 24 93
41 42 99
68 82 91
74 69 99
83 42 102
84 23 83
103 15 101
129 22 74
135 32 53
137 37 63
157 35 82
167 31 81
163 31 68
166 36 64
195 43 58
181 40 75
172 32 93
164 29 95
150 33 86
137 38 84
140 42 89
148 44 95
175 55 93
206 67 88
207 64 50
197 59 49
202 58 81
204 58 71
177 48 79
135 27 129
113 9 166
101 8 158
107 13 153
123 19 144
122 26 124
102 34 109
85 27 112
75 7 118
56 7 96
67 20 101
78 36 102
82 43 98
51 12 77
37 0 83
42 2 88
39 2 71
29 0 53
24 0 52
18 0 50
0 4 34
0 8 33
0 12 34
3 15 41
9 15 51
12 15 58
11 18 60
12 21 60
9 16 34
3 12 27
1 13 27
2 11 26
12 18 34
16 21 40
5 14 31
0 12 29
5 20 51
48 40 89
46 26 98
55 50 104
60 61 89
66 45 102
64 26 111
54 20 97
87 17 105
117 25 74
135 34 50
134 39 59
140 37 82
155 32 89
171 27 86
184 29 86
189 31 64
183 37 76
180 32 90
165 26 93
145 31 90
147 43 92
158 46 94
153 41 89
154 61 88
194 54 103
212 53 75
203 66 60
199 72 79
191 59 70
160 40 75
125 23 123
100 20 155
111 8 143
115 4 143
104 11 141
105 18 123
120 26 104
109 25 102
74 14 100
48 4 93
40 1 84
44 9 77
66 33 90
43 8 74
41 1 87
40 1 82
33 0 62
29 0 51
25 1 51
20 2 50
0 5 45
0 10 46
2 15 49
5 16 48
6 12 46
6 11 43
6 16 43
9 21 45
10 21 41
6 19 36
9 23 36
1 13 25
0 4 15
5 13 24
8 18 28
1 18 26
0 16 30
31 24 94
43 25 109
58 39 118
54 19 111
74 25 116
64 31 102
44 36 93
53 30 98
96 34 73
136 34 55
143 36 64
135 37 84
151 33 93
179 28 95
198 28 99
188 25 78
181 37 64
182 37 68
164 30 91
132 33 98
140 43 96
156 44 90
144 38 86
137 52 85
171 42 99
192 44 92
190 64 75
190 76 75
182 60 81
144 32 90
103 18 109
77 19 131
95 6 124
100 4 129
88 12 136
93 17 125
115 19 109
107 15 102
69 5 99
58 12 102
35 0 77
28 0 62
65 37 88
59 25 86
49 10 89
37 0 77
32 3 61
27 0 47
23 1 47
19 4 47
3 8 40
0 9 40
1 12 42
2 11 40
2 7 37
1 5 34
8 13 42
15 24 53
21 31 66
8 23 54
12 29 55
10 26 51
2 14 36
8 19 37
12 28 43
14 32 44
10 26 51
16 19 98
29 27 100
54 32 115
58 9 126
86 31 125
76 41 107
50 42 101
26 43 97
70 42 82
124 36 76
139 32 86
129 35 95
147 34 96
178 31 99
192 32 102
185 31 93
170 37 56
176 39 55
157 39 89
113 39 100
118 38 89
142 36 84
129 37 88
127 32 90
139 32 84
147 39 91
149 50 81
164 63 69
167 58 81
120 28 93
69 12 93
57 10 90
62 9 89
64 9 92
66 11 95
79 20 100
90 28 103
87 22 106
74 10 106
66 12 100
41 0 75
37 8 62
74 48 87
72 40 90
47 10 80
31 0 69
30 5 60
24 0 41
19 1 41
14 2 42
2 7 27
0 5 27
0 7 28
2 8 30
3 5 28
3 3 31
13 13 47
24 28 65
37 41 78
17 27 62
7 26 58
5 26 57
6 27 54
12 33 54
11 34 50
12 39 50
10 27 71
9 29 98
17 35 85
42 36 110
59 28 131
76 42 119
76 42 116
70 36 113
28 41 111
50 41 104
85 35 106
96 31 111
100 34 108
133 33 97
173 30 96
178 33 98
183 33 96
167 36 70
176 39 69
153 40 84
102 39 84
112 32 83
143 29 89
125 29 90
118 24 98
109 23 84
109 32 86
113 39 76
128 50 63
129 50 71
90 26 78
57 15 79
54 3 60
58 11 81
51 7 86
50 3 81
62 15 93
68 23 108
64 13 105
62 3 95
72 6 93
54 4 75
61 28 73
80 54 81
71 39 78
39 0 63
29 0 65
23 3 54
21 0 38
16 0 37
11 1 36
8 6 45
0 2 40
0 5 35
5 10 32
6 8 23
4 4 16
10 12 27
23 26 45
29 29 57
23 30 58
13 33 58
5 31 56
8 36 58
9 38 54
0 30 39
0 31 35
2 26 64
10 44 89
8 40 79
28 34 122
46 38 141
51 41 110
71 40 116
95 37 111
48 30 129
41 37 124
45 34 126
48 33 128
62 35 114
117 30 98
167 26 92
173 30 94
183 29 91
176 34 90
187 35 92
154 33 78
99 32 65
123 30 83
158 26 101
133 21 93
102 22 93
84 7 85
85 15 78
91 28 57
90 39 48
77 34 54
57 16 56
58 16 64
87 31 58
95 29 90
71 9 92
38 0 75
42 3 86
61 6 100
59 1 86
48 2 64
79 7 91
66 11 78
80 46 83
83 56 75
67 34 65
33 0 54
33 4 68
19 3 52
20 0 37
15 1 37
8 1 35
8 8 44
4 8 45
2 12 48
4 14 49
2 11 44
1 6 35
5 11 33
11 20 37
24 17 50
13 17 46
13 29 55
5 36 57
9 47 68
12 54 78
3 43 69
6 43 72
3 36 79
10 45 83
9 44 86
13 39 100
21 32 121
30 34 134
39 42 139
36 40 127
80 22 132
52 26 133
40 33 128
59 47 129
54 41 120
52 30 112
108 35 106
167 29 88
200 24 97
180 31 97
161 36 94
129 28 68
117 28 58
145 35 80
143 26 96
105 16 96
56 4 79
73 9 69
75 17 58
57 22 52
49 25 39
64 26 37
69 17 53
57 5 71
63 17 53
104 38 84
119 52 105
98 48 101
84 36 96
84 24 94
73 11 86
51 0 75
45 1 62
77 30 64
104 56 78
87 46 88
50 21 87
27 6 71
23 0 56
33 3 55
22 0 39
18 0 42
14 0 43
9 4 45
5 7 48
3 11 50
3 12 51
3 11 48
3 9 43
5 15 42
11 21 46
13 13 39
4 12 35
10 32 53
11 48 66
11 56 75
11 56 79
4 45 73
10 46 78
0 33 74
4 39 77
6 41 83
14 43 103
23 39 124
28 34 132
37 37 133
38 38 126
46 29 135
38 32 118
50 38 102
73 48 106
58 40 116
43 29 126
86 35 128
137 33 112
163 34 88
171 33 92
151 33 83
136 27 66
159 30 68
162 35 78
113 23 74
78 14 74
61 16 75
55 5 56
51 5 42
51 15 41
54 21 40
61 18 45
61 13 63
59 8 83
65 3 80
81 8 87
85 14 90
85 26 94
105 47 108
129 61 118
116 59 104
89 49 84
68 30 91
72 31 71
80 39 71
61 24 75
29 5 67
22 4 64
24 3 59
28 0 55
16 2 51
12 2 55
9 0 57
9 0 47
6 5 49
5 9 54
3 12 55
2 11 52
4 14 50
6 19 53
9 24 53
9 14 36
0 12 33
6 38 53
15 58 74
9 58 75
1 49 72
0 40 70
4 40 76
2 35 76
3 38 78
4 41 86
18 48 110
25 46 129
26 35 130
37 35 132
43 36 129
39 26 132
40 32 115
61 40 99
90 46 105
80 39 118
55 31 129
65 36 129
87 34 116
133 45 96
167 36 104
176 31 100
162 24 83
164 27 79
147 31 78
105 21 71
89 15 76
47 11 49
28 2 41
28 2 37
49 13 39
63 17 45
59 12 58
52 7 74
49 5 84
82 10 83
81 9 83
72 5 82
72 8 84
95 23 97
111 34 102
94 35 89
65 33 74
40 15 73
33 4 52
39 7 54
30 2 61
13 0 55
18 5 58
27 9 61
24 0 59
16 2 51
14 1 54
10 1 58
12 0 47
11 5 51
7 10 53
2 11 52
2 11 50
3 15 53
6 22 56
6 25 57
8 17 50
0 15 43
6 38 61
13 58 77
3 54 73
0 47 70
2 43 73
2 38 72
5 38 79
9 42 85
11 43 94
21 51 115
24 46 129
27 36 131
40 36 133
50 36 133
50 21 127
37 28 119
45 36 115
77 40 118
94 35 119
88 33 117
82 35 115
80 34 109
98 32 104
112 29 107
141 31 117
131 29 105
100 29 87
96 28 85
79 13 75
44 2 65
24 0 28
11 0 40
19 7 47
50 11 42
70 10 46
63 8 66
49 6 78
44 2 78
83 13 65
77 17 71
72 16 81
76 14 91
89 11 97
84 6 92
54 0 76
25 0 64
20 2 62
17 0 53
27 6 65
23 4 70
11 0 58
15 6 51
19 5 54
22 0 63
25 1 59
24 0 64
22 0 69
18 0 50
17 5 53
11 10 52
3 11 48
1 11 46
1 16 49
3 22 54
2 25 56
2 15 60
0 19 61
7 38 69
12 54 79
6 52 75
10 56 79
14 58 83
7 46 75
2 39 81
11 45 93
15 46 103
21 48 119
22 44 129
25 35 130
39 34 136
47 30 134
50 22 133
29 28 121
21 37 112
39 37 110
66 33 112
87 34 114
95 34 114
100 32 117
104 30 125
86 30 119
85 31 117
75 24 103
75 23 97
89 25 99
64 14 83
9 4 58
16 0 35
5 2 49
18 6 56
54 9 52
76 9 53
71 10 70
60 10 79
53 8 73
78 14 75
60 10 73
46 4 70
58 1 80
75 5 91
72 9 90
48 9 76
24 9 64
19 5 66
20 9 67
23 11 75
14 3 72
9 1 60
10 3 45
11 0 45
23 2 67
28 0 85
26 0 91
27 0 97
26 1 56
21 5 54
11 9 49
6 10 47
2 11 44
1 14 46
2 21 51
4 28 56
0 20 67
6 31 72
8 41 74
9 49 74
7 52 73
12 60 80
16 67 88
2 53 74
0 48 88
8 49 101
16 47 112
20 47 126
18 44 131
19 35 130
30 32 135
36 24 132
51 19 144
44 31 119
34 44 103
20 42 100
17 39 112
31 39 120
45 31 119
61 25 123
63 23 111
80 25 118
73 29 116
59 24 104
80 22 106
78 20 96
37 7 67
10 0 50
13 4 51
9 0 54
27 3 65
64 15 71
87 20 73
85 18 72
72 14 72
63 12 69
53 0 68
39 3 67
35 3 70
48 2 75
59 5 83
48 6 78
26 2 64
14 0 56
14 0 61
14 3 59
11 3 62
2 0 62
5 0 59
9 2 46
8 0 42
20 5 64
15 2 84
16 1 92
17 1 100
30 2 63
21 2 57
13 6 50
7 9 47
5 11 45
4 15 47
6 23 53
10 31 62
2 38 70
12 49 78
10 48 71
8 49 67
7 53 69
9 62 78
14 75 93
3 68 86
6 75 116
11 64 118
12 50 121
17 49 132
15 46 136
10 36 131
19 32 136
26 26 138
51 21 143
52 31 122
45 43 116
14 37 117
0 36 124
0 42 127
0 31 116
7 26 120
0 29 99
30 21 102
38 20 104
23 16 94
23 12 88
14 7 74
0 0 51
8 2 48
6 3 58
21 0 59
46 3 72
71 15 86
86 22 82
92 22 72
87 17 67
76 13 70
41 0 62
35 7 66
33 8 66
42 3 70
40 0 70
23 0 68
15 0 69
21 0 71
21 1 64
14 2 52
10 3 54
6 0 60
10 1 64
11 3 52
7 0 43
13 0 53
13 2 78
14 2 86
15 2 94
31 0 67
21 0 59
12 4 53
8 10 49
7 13 49
5 15 50
9 24 57
14 34 67
5 54 71
16 62 77
9 53 66
8 52 63
10 58 70
13 71 83
23 92 107
19 96 112
22 104 142
15 80 134
11 55 128
16 52 138
12 49 138
3 38 132
11 34 138
22 32 143
35 33 130
33 34 127
27 32 136
2 16 138
0 20 133
13 37 125
8 37 115
5 39 128
4 40 118
0 22 103
12 20 105
16 24 109
0 20 99
7 9 84
13 0 65
4 4 56
1 2 59
35 5 65
61 8 78
63 6 83
70 10 74
94 21 67
101 23 71
87 15 78
42 2 73
31 5 70
27 1 64
33 0 61
32 2 64
19 8 68
15 3 65
25 0 67
25 0 65
10 0 43
9 4 45
7 2 58
8 0 62
12 2 55
11 2 47
11 2 47
23 3 92
26 2 98
27 1 108
14 10 61
18 0 43
25 8 44
3 12 43
1 15 54
12 12 62
2 16 55
6 54 74
14 70 87
14 74 85
14 67 75
22 67 70
24 86 81
22 113 104
26 124 125
24 107 123
2 101 143
15 97 147
15 73 136
9 50 130
10 45 139
7 40 143
3 34 140
8 35 142
8 28 143
21 34 148
26 34 143
20 29 134
13 31 133
12 38 135
7 41 131
5 41 127
10 30 119
6 27 108
7 27 100
6 23 95
5 14 91
7 10 89
9 5 79
6 0 66
13 1 73
73 19 77
88 16 79
57 3 91
51 6 101
72 8 84
88 7 73
92 16 88
49 11 72
38 2 66
31 0 66
31 2 68
27 3 65
22 0 62
20 1 65
21 2 68
17 6 48
7 0 46
5 0 50
11 3 60
14 3 59
11 1 54
8 1 53
4 1 54
20 2 88
23 4 96
26 5 106
21 1 54
26 0 48
27 4 46
9 5 38
2 13 45
6 25 57
10 42 67
29 76 92
19 76 95
12 69 86
3 55 69
11 63 74
24 89 93
24 107 111
27 115 127
29 111 132
0 99 131
18 101 145
22 82 144
12 58 136
6 45 138
1 37 134
0 33 130
7 37 133
5 34 126
15 38 132
18 34 132
13 26 131
9 27 135
7 34 137
5 38 133
3 38 128
9 31 116
5 28 106
6 28 101
6 24 96
4 16 92
5 11 87
8 7 77
6 1 65
17 7 70
74 22 71
89 18 74
58 5 85
43 5 92
54 8 80
56 10 74
49 16 85
36 4 69
31 0 67
31 2 69
31 5 70
27 2 67
21 1 64
21 0 65
20 1 67
19 2 47
13 1 49
11 2 55
11 4 56
10 0 52
10 0 50
11 1 54
13 4 59
21 1 72
25 4 81
29 7 90
20 1 46
20 1 47
15 0 40
16 13 44
23 49 62
21 72 75
16 77 80
24 82 93
18 81 96
15 70 90
13 65 86
20 83 101
26 97 115
26 101 122
28 104 128
20 102 126
17 118 138
22 106 143
12 76 138
3 51 135
2 45 139
3 44 136
0 39 126
2 41 120
1 45 110
8 44 118
10 36 123
5 27 129
4 27 139
5 33 142
3 35 134
1 36 126
6 33 110
4 32 106
4 30 104
5 27 103
3 19 97
4 12 87
5 8 77
5 5 67
20 8 80
67 19 77
88 20 79
65 9 84
49 6 85
54 12 78
47 13 73
27 11 76
24 0 67
25 0 68
28 3 68
29 5 67
25 1 63
22 0 62
23 1 65
23 1 66
22 0 51
18 1 55
11 4 56
8 4 54
7 1 47
12 0 50
16 1 56
19 1 61
24 0 92
30 2 104
36 7 115
4 9 41
14 9 50
8 3 44
12 30 52
22 72 69
20 92 78
21 101 92
28 106 110
20 93 102
26 83 100
31 88 108
29 101 123
18 93 122
21 85 120
28 94 126
13 95 119
31 127 143
23 107 144
5 72 140
0 47 138
1 45 142
5 48 140
2 48 126
0 48 120
1 54 108
5 50 115
4 39 123
1 28 131
2 29 142
2 34 143
3 37 134
2 38 124
3 35 110
3 35 110
3 34 114
4 31 112
2 23 106
3 14 94
5 9 82
7 8 75
18 0 99
51 9 91
72 16 89
65 13 88
60 10 83
72 16 79
69 13 76
48 3 72
23 0 70
23 1 66
26 2 60
25 0 55
22 0 52
25 0 57
28 3 61
28 2 63
23 0 56
14 1 55
4 4 54
2 6 53
7 8 52
17 9 58
20 5 62
15 0 59
25 0 88
31 4 97
38 10 110
0 17 46
13 11 51
14 12 51
15 48 65
21 82 75
25 87 76
30 96 95
31 111 118
14 95 99
27 95 106
33 99 115
31 107 131
22 96 131
14 76 117
16 80 116
13 95 119
23 111 135
22 100 146
10 78 153
0 54 150
0 45 146
1 46 137
2 50 132
3 55 130
0 56 117
2 50 122
2 39 127
0 31 134
0 32 141
2 37 141
2 39 128
3 40 118
2 38 116
2 37 119
1 35 122
3 33 121
2 26 112
3 18 101
5 10 91
8 9 89
20 0 101
32 2 90
40 8 81
40 9 77
46 9 78
66 15 82
71 11 85
55 0 81
23 2 71
22 1 60
23 1 48
25 0 44
24 0 45
27 0 51
29 2 55
27 0 51
16 1 58
8 3 59
1 8 60
2 14 62
10 18 65
20 18 68
19 9 69
11 0 61
18 1 71
24 6 80
29 10 89
9 23 60
19 12 54
24 24 60
15 51 67
9 58 63
10 46 58
10 53 72
3 76 93
23 112 118
34 117 123
20 98 110
16 92 116
22 90 129
11 72 119
12 80 119
35 117 141
22 97 136
15 87 145
4 69 151
0 52 148
1 47 143
4 47 139
4 52 137
4 56 140
0 51 131
0 46 131
1 37 131
0 33 133
0 35 139
0 38 135
0 39 126
2 41 120
2 38 122
2 38 126
0 35 125
0 34 123
4 30 115
4 20 105
6 12 100
12 11 104
21 3 85
15 3 75
9 5 66
6 5 62
15 5 66
31 8 80
36 7 91
30 1 94
21 1 70
18 0 54
21 0 39
23 2 35
24 2 41
25 2 48
23 1 48
20 0 44
9 2 54
5 8 63
5 16 72
5 20 75
10 19 74
16 17 74
18 12 76
14 3 71
16 2 81
20 5 88
23 7 95
17 20 71
20 23 64
34 54 79
21 60 75
3 41 62
9 40 71
19 65 98
31 105 132
22 116 128
34 133 139
25 115 124
18 89 117
22 80 126
13 76 127
13 88 128
26 107 137
17 83 133
6 74 139
0 60 142
0 49 139
2 48 136
8 50 136
5 51 139
0 51 143
0 45 143
1 41 139
2 36 133
1 35 132
3 39 136
0 40 136
0 39 131
0 40 128
3 39 125
1 38 126
0 35 124
0 34 120
4 33 113
5 23 105
8 13 104
14 12 111
14 14 78
4 12 74
0 11 63
0 6 57
4 3 60
8 1 69
7 2 84
6 6 94
15 2 71
13 0 50
14 0 33
18 3 32
18 2 38
17 1 46
15 2 48
13 2 45
4 4 54
4 9 64
5 16 78
7 18 84
8 13 81
10 9 77
14 8 78
14 7 77
18 6 82
20 7 86
21 8 90
24 23 81
7 31 65
23 71 83
21 71 82
8 49 77
11 56 97
9 74 112
14 101 129
20 115 135
33 140 150
35 133 144
23 89 121
6 57 110
8 73 127
15 96 141
3 83 118
0 60 115
1 64 133
3 66 146
3 59 144
3 50 130
2 44 126
0 46 134
0 48 145
0 41 149
2 39 143
3 37 134
4 39 133
3 42 137
1 41 139
0 39 137
1 39 138
3 39 125
1 38 126
0 34 122
0 34 114
4 34 107
5 24 101
8 13 104
15 12 115
4 20 80
0 21 81
0 17 74
6 12 64
16 6 59
10 0 60
2 0 68
3 10 82
15 5 74
8 0 51
8 0 30
11 2 29
10 0 35
8 0 44
10 4 50
10 9 51
5 7 55
1 8 63
1 10 77
4 10 84
4 6 81
7 3 77
11 5 77
11 5 77
18 4 81
19 4 85
19 4 87
17 20 71
8 26 72
16 53 79
22 77 82
17 74 91
8 60 108
0 44 105
27 79 129
21 102 157
27 120 151
37 140 149
9 110 120
13 98 129
23 97 146
15 86 138
12 86 133
5 69 141
1 72 136
3 67 128
9 56 128
8 48 135
2 48 142
1 50 145
9 47 144
3 41 140
2 40 137
0 38 135
0 38 135
0 39 134
0 39 132
0 39 132
0 39 132
2 36 123
3 30 119
4 28 116
2 33 115
0 37 109
0 31 107
5 21 108
15 15 113
0 22 82
0 20 75
1 18 70
3 15 73
2 9 77
4 7 78
5 6 71
3 4 61
8 2 66
7 0 52
4 0 37
6 1 33
8 2 38
8 3 43
7 3 40
7 3 38
0 3 41
7 6 64
8 5 82
5 6 86
3 12 81
8 14 76
15 6 73
20 0 75
14 8 78
14 8 78
12 9 78
16 24 73
9 30 75
6 46 72
24 77 85
24 79 99
8 58 107
0 37 97
5 52 106
8 86 135
9 98 130
23 118 136
10 100 127
15 90 147
12 75 155
0 60 149
0 64 151
7 64 145
0 65 135
0 59 123
0 48 122
0 46 132
0 51 145
0 51 147
5 45 143
3 43 139
1 41 137
0 40 136
0 38 135
0 38 135
0 39 134
2 38 134
1 37 133
1 36 128
1 30 124
2 27 119
1 33 118
0 37 114
0 31 109
2 19 107
8 11 106
6 11 93
6 9 86
7 11 82
9 12 83
7 10 87
4 12 87
3 14 80
0 14 70
9 7 70
6 3 56
3 1 40
6 2 35
9 5 40
10 3 44
7 1 39
5 1 34
0 3 35
1 3 52
5 5 75
4 12 85
3 21 87
4 20 82
7 12 78
14 7 84
9 7 72
12 10 75
14 12 77
17 29 77
13 38 79
2 41 70
22 73 90
27 77 104
14 57 108
2 42 104
6 46 107
0 67 129
3 84 131
24 108 145
15 92 138
13 76 147
4 55 146
0 47 143
0 58 150
12 61 153
4 63 143
0 58 130
0 52 128
2 56 142
2 65 158
2 61 155
4 48 145
2 45 140
1 44 139
1 41 137
0 40 136
1 39 138
2 37 137
1 36 136
0 35 135
0 34 136
0 29 129
0 28 125
0 34 123
0 38 121
0 33 114
0 22 107
3 13 102
6 8 108
7 6 99
11 7 92
13 8 92
12 8 93
8 10 93
4 13 88
0 15 79
6 12 74
4 10 62
5 8 51
6 6 42
8 4 41
6 2 39
6 0 38
6 0 36
4 8 37
3 6 51
1 10 69
3 21 87
3 29 90
0 24 83
0 16 80
4 14 85
11 11 71
12 12 72
12 14 73
9 31 78
11 43 84
9 52 86
22 71 101
19 65 101
10 50 102
3 39 101
14 49 115
0 64 121
15 89 136
34 111 153
16 86 137
6 63 134
0 46 134
0 49 140
7 63 150
8 51 153
3 57 145
0 57 134
4 57 137
6 66 152
5 76 166
2 67 161
1 47 145
2 46 141
1 45 140
0 42 140
1 41 139
1 39 140
2 37 139
2 35 140
1 34 139
0 33 140
0 31 134
1 31 127
2 36 126
3 39 125
1 36 118
3 28 110
4 21 101
0 17 109
1 13 99
7 10 89
12 7 89
14 4 91
11 5 93
10 9 89
4 11 83
0 15 74
3 16 69
7 15 62
7 12 54
2 4 43
0 0 39
2 2 40
6 6 44
5 9 46
3 11 57
0 15 72
3 25 85
5 31 90
3 28 85
0 20 79
4 18 81
13 20 74
10 17 71
7 14 68
1 31 81
5 44 87
18 63 105
19 66 110
7 51 100
5 42 95
0 25 88
7 39 112
9 78 117
18 94 130
25 104 143
10 81 137
7 64 145
0 49 148
0 50 155
4 58 164
3 47 152
1 54 146
2 57 139
6 59 139
5 70 154
4 80 168
3 69 163
1 49 147
2 46 143
1 45 142
1 43 141
2 41 142
2 39 143
2 36 143
1 35 142
1 33 142
0 33 140
0 34 134
1 36 128
1 36 126
2 36 126
3 35 122
4 31 112
5 28 104
0 22 98
0 16 86
4 12 77
9 10 77
10 6 83
9 7 90
7 13 91
6 16 88
0 21 78
0 19 75
4 17 70
3 13 64
1 9 55
0 6 50
0 9 52
1 12 57
0 10 60
1 18 72
0 24 81
0 26 85
5 30 87
10 30 83
12 25 78
11 21 74
4 20 69
5 21 70
5 21 70
0 37 92
0 44 93
11 61 112
7 56 115
0 41 103
7 46 103
0 30 94
12 45 124
22 86 148
13 87 148
9 90 155
5 84 159
17 84 175
6 65 167
0 58 165
0 59 162
2 53 158
1 56 147
3 55 138
6 54 136
3 65 150
0 76 164
2 68 162
7 53 151
1 45 144
0 44 143
0 42 144
0 42 144
1 40 145
1 38 145
0 36 143
0 34 142
0 35 139
2 38 134
2 37 127
1 34 127
1 31 129
2 30 127
3 30 117
2 29 106
6 19 89
3 14 76
3 12 67
5 14 69
3 14 76
0 19 87
0 26 93
0 31 95
2 29 82
0 22 79
0 17 76
0 16 75
2 19 71
1 21 71
0 22 72
0 23 77
2 26 86
7 37 97
4 43 100
0 38 93
3 34 89
8 29 82
8 24 73
6 20 65
0 22 67
1 28 73
9 33 79
0 46 108
0 51 106
2 54 114
2 50 124
0 43 114
12 52 111
9 49 111
18 55 136
17 77 163
9 84 167
5 91 174
3 93 179
15 99 189
8 81 175
5 74 165
0 70 155
0 61 160
0 58 146
0 50 131
2 47 128
0 57 141
0 67 154
0 62 154
6 48 146
1 43 145
0 42 144
0 41 146
0 41 146
1 39 146
1 39 146
0 37 144
0 36 143
1 34 139
2 38 134
3 38 130
1 33 132
4 30 140
8 30 141
5 30 130
0 29 115
7 23 98
2 20 82
1 21 72
2 24 73
0 25 81
0 28 88
0 33 94
0 38 95
2 32 82
0 26 85
0 21 86
1 22 87
2 27 84
1 32 87
1 37 95
0 40 102
8 46 108
11 58 114
7 65 115
4 60 111
4 50 102
2 38 90
2 33 80
2 34 75
4 38 83
5 39 84
7 40 85
0 48 114
7 59 119
0 54 119
5 56 137
2 48 125
11 53 113
11 52 116
7 48 130
0 62 131
10 89 158
10 107 178
0 101 179
4 99 183
1 85 175
8 85 175
4 79 170
4 73 168
1 65 152
3 54 133
10 51 131
5 60 143
0 68 154
0 62 155
10 50 148
0 41 146
0 40 145
0 40 145
1 39 146
2 40 147
1 39 146
0 38 145
0 37 144
1 34 141
3 37 135
2 37 131
4 33 137
9 31 150
14 33 154
8 32 140
0 29 123
2 34 111
0 30 95
0 31 84
1 33 82
0 31 85
1 30 90
4 33 91
5 34 90
0 30 80
3 29 88
6 29 97
5 30 97
1 31 93
0 36 95
0 46 108
6 55 122
4 50 109
3 63 115
4 75 121
9 77 124
8 68 118
4 54 107
4 50 99
10 57 99
21 60 103
12 51 94
1 40 83
5 31 115
0 49 125
0 52 122
0 43 115
14 51 129
11 57 135
0 44 127
5 39 128
18 83 115
19 88 121
14 89 146
0 76 168
0 73 177
4 79 172
0 78 161
0 80 168
5 66 155
5 56 148
14 59 152
2 56 146
0 64 150
5 76 166
1 59 158
2 43 151
0 39 141
0 43 148
1 43 151
0 40 146
0 38 143
2 44 146
5 46 152
4 42 153
0 41 136
1 38 142
5 32 147
9 29 154
12 30 158
10 31 156
4 30 149
2 34 147
4 37 118
5 32 109
5 29 99
3 28 92
0 29 89
0 30 89
1 32 89
4 34 88
0 39 85
5 40 98
4 32 106
5 30 110
4 31 108
2 36 107
3 46 115
0 45 120
0 48 114
13 71 111
15 82 101
18 89 109
9 79 115
0 66 114
10 73 114
13 74 102
17 55 102
8 44 92
1 35 83
3 30 107
8 48 120
6 54 126
3 45 121
8 45 125
5 43 124
0 40 122
7 49 133
29 69 131
15 59 122
3 53 124
0 52 138
9 65 160
18 77 169
10 77 166
5 80 173
4 67 164
0 42 137
6 49 141
16 67 150
6 69 149
1 67 153
2 54 153
1 37 147
0 42 146
0 43 148
2 44 152
3 44 150
0 41 143
0 38 141
0 37 144
0 37 146
4 47 151
6 42 154
5 34 154
6 27 155
6 26 157
4 27 155
0 29 149
0 33 148
1 39 124
1 34 111
2 29 98
2 28 89
1 30 90
2 32 92
2 32 92
1 30 88
13 59 119
7 50 119
0 36 111
0 34 108
0 35 103
0 33 97
0 39 104
1 40 109
0 42 123
17 69 119
25 86 104
27 94 100
18 86 99
10 74 99
19 79 103
20 79 95
2 49 95
0 43 90
0 38 86
1 29 92
12 37 104
9 37 110
0 35 109
0 34 112
0 33 114
6 48 124
19 73 145
13 63 148
1 55 141
0 54 136
4 56 131
10 63 139
11 72 155
9 79 167
18 94 178
12 78 172
0 51 142
0 42 128
13 60 140
8 63 143
0 54 141
3 48 149
5 39 149
0 38 142
0 39 144
1 42 148
5 46 151
5 44 145
1 40 141
2 39 145
5 41 153
0 41 157
2 38 160
2 31 159
2 26 160
3 27 159
3 31 157
1 36 156
4 41 156
5 49 138
0 33 114
0 24 92
4 28 90
5 31 90
0 29 88
0 35 95
10 46 106
4 62 125
1 56 120
0 49 111
4 54 113
6 53 107
0 42 97
0 39 101
0 36 106
0 43 105
11 63 102
19 77 91
22 82 92
17 75 99
14 68 106
20 72 109
18 71 102
1 46 85
1 45 84
3 45 85
1 24 94
9 17 98
3 12 103
0 21 117
0 28 126
1 29 129
11 50 143
14 76 159
0 67 155
0 69 163
3 75 160
11 70 138
11 66 131
5 68 147
4 77 156
20 95 163
17 95 167
17 83 161
0 50 133
0 47 135
7 58 149
0 51 145
3 48 149
6 44 151
1 45 150
3 47 152
6 49 154
5 47 149
4 44 142
2 40 141
1 38 145
5 38 153
0 35 159
0 36 163
0 33 164
2 30 163
4 33 163
2 36 159
1 40 157
3 46 158
2 44 144
6 40 129
3 29 103
0 21 83
0 25 82
1 42 98
9 58 116
13 65 123
3 71 118
6 77 119
9 81 119
20 91 123
19 88 121
13 72 114
12 63 118
9 55 117
1 56 95
2 57 88
2 56 84
4 56 93
7 54 108
7 53 112
8 58 107
9 61 98
8 48 74
9 46 73
11 46 74
0 13 102
7 4 107
5 0 116
6 20 142
6 32 155
3 31 156
5 46 164
0 59 168
6 68 155
1 74 169
7 78 168
15 71 148
20 74 146
16 85 160
6 85 154
10 87 141
14 102 152
21 96 161
3 64 147
2 54 155
7 60 166
3 56 162
4 53 156
1 46 147
1 50 153
8 57 160
6 54 156
0 44 145
0 42 139
3 42 145
3 41 152
3 38 158
0 39 166
2 40 167
2 37 165
1 35 161
1 35 158
0 37 154
0 41 153
0 46 154
8 44 154
4 34 132
2 27 107
4 32 97
4 43 100
4 57 109
9 72 125
14 84 135
12 85 126
19 95 129
17 99 121
18 104 119
21 104 120
20 98 118
20 95 118
14 84 110
15 79 117
7 68 99
5 60 90
5 55 90
4 51 95
2 51 94
2 55 87
7 66 84
15 59 84
12 56 81
11 53 78
0 5 83
4 4 92
3 3 103
10 24 131
7 37 147
1 43 153
7 60 166
0 63 166
15 65 154
9 83 170
11 93 177
14 85 167
17 93 169
14 113 181
5 109 172
8 101 158
9 94 149
2 79 147
0 67 156
4 65 171
0 56 169
0 53 164
4 57 161
0 49 148
0 51 152
5 60 161
2 56 156
0 45 142
0 45 143
5 48 153
6 45 162
4 42 167
1 40 167
2 40 167
1 36 162
0 34 157
0 38 157
0 43 158
0 48 158
3 54 161
3 38 154
8 40 143
7 37 123
4 41 111
9 58 116
16 79 130
12 85 130
0 78 119
8 85 129
13 93 130
9 93 119
10 97 116
17 105 117
23 111 115
26 112 109
16 102 91
30 104 113
27 97 95
31 93 82
24 80 69
17 68 69
12 64 78
9 65 88
16 76 100
29 85 112
25 81 108
21 75 103
2 3 68
2 6 77
0 5 84
8 24 111
5 40 130
0 56 146
12 77 169
10 70 166
9 59 156
3 90 169
8 110 182
12 101 183
12 101 183
7 115 187
5 108 183
18 95 185
10 82 167
0 66 157
3 71 168
6 71 173
0 57 162
0 56 163
4 59 162
3 55 157
1 63 162
9 68 168
5 63 162
0 55 150
1 53 152
3 50 156
0 41 162
0 37 170
0 37 167
2 37 165
0 34 160
0 35 158
2 41 162
3 48 165
4 54 169
7 59 171
11 54 169
1 42 147
0 41 129
9 56 128
13 69 130
7 73 125
3 76 117
6 80 117
8 91 123
12 95 125
11 92 121
14 93 124
16 95 126
20 98 120
26 107 111
24 105 96
31 114 84
39 115 77
49 114 71
36 92 53
28 77 56
30 80 81
25 78 96
25 82 109
20 76 91
17 73 88
17 70 86
6 1 83
2 9 90
0 6 95
9 23 120
6 41 143
0 60 160
7 75 182
4 57 171
4 52 160
0 83 161
0 104 170
11 96 179
18 93 184
13 98 181
11 76 176
25 53 186
11 71 185
9 71 180
20 85 187
11 79 176
5 69 166
10 70 168
6 59 163
9 57 165
0 65 162
5 69 167
3 66 163
4 62 159
10 64 162
6 57 166
1 45 168
1 43 179
4 38 171
5 40 170
3 38 166
3 38 164
4 44 166
3 47 168
0 49 168
1 52 170
13 66 180
3 54 159
0 50 139
4 57 133
3 63 126
0 63 115
3 70 112
17 83 118
15 105 114
19 105 120
15 95 120
12 85 126
5 72 125
1 67 115
13 82 113
22 94 109
26 108 72
38 112 75
50 111 77
34 82 56
29 73 58
41 88 82
33 87 87
25 85 85
26 72 70
26 72 70
28 72 71
0 6 71
1 6 74
2 10 85
2 27 111
6 52 146
8 67 169
8 66 174
10 60 173
0 56 163
5 66 155
9 76 167
9 79 190
14 83 187
24 87 166
32 79 161
36 64 174
16 69 161
3 79 167
8 93 184
13 86 188
7 76 180
2 80 180
0 73 172
3 62 164
12 53 167
0 60 161
0 62 159
2 52 151
6 54 152
2 67 159
7 76 177
0 47 163
0 46 170
13 42 168
8 37 157
2 51 156
6 66 162
8 56 158
8 48 162
9 53 174
0 77 159
7 84 162
11 89 161
3 85 143
0 89 133
2 89 132
3 85 125
15 94 125
23 115 126
25 118 126
22 112 121
17 103 120
14 91 117
13 80 107
15 78 95
26 85 91
16 93 87
33 100 82
40 96 67
24 73 51
22 73 66
36 89 93
36 87 88
30 77 69
23 72 68
28 76 78
30 74 83
4 10 72
5 8 75
4 14 86
1 32 112
2 56 146
2 68 165
1 64 169
5 59 167
2 62 172
6 68 181
11 75 199
16 81 209
18 84 194
23 83 171
29 77 159
34 71 160
21 84 179
12 89 181
10 97 190
2 84 183
0 70 171
0 74 176
4 76 178
8 73 175
4 76 176
0 74 169
0 65 161
6 48 148
14 50 146
7 62 152
16 85 178
11 79 180
0 51 159
4 40 162
4 35 160
7 54 170
8 70 171
6 70 157
13 82 157
20 103 169
27 109 165
7 86 152
2 83 149
7 92 157
14 103 169
25 118 162
31 125 137
38 131 123
34 138 101
35 139 102
33 134 102
30 124 108
27 112 115
23 99 113
24 91 107
30 94 106
21 96 92
31 98 80
40 97 65
32 85 55
29 84 65
33 88 82
27 79 75
24 71 65
20 67 61
27 73 73
30 73 80
2 6 69
1 6 70
0 17 86
2 41 118
1 66 150
0 73 166
0 69 170
8 67 171
8 75 166
7 73 183
10 76 198
15 81 191
18 83 175
19 79 167
27 77 174
34 76 184
13 85 183
7 83 179
9 96 191
3 96 189
0 82 180
7 76 180
12 76 182
10 81 185
6 94 184
0 89 181
0 75 168
4 55 147
9 50 138
0 45 130
2 62 148
11 71 159
1 74 151
5 60 150
9 58 151
13 73 159
16 90 161
17 102 159
16 114 159
12 126 162
23 103 164
0 77 143
5 90 131
14 107 141
9 106 157
16 120 145
31 140 119
41 148 120
51 167 86
50 166 85
46 159 81
39 147 87
34 132 94
25 112 95
17 97 88
16 91 84
29 101 97
30 95 75
41 99 61
43 100 55
38 98 60
33 93 68
24 78 65
22 69 61
22 67 60
29 71 70
31 72 78
4 4 74
2 6 77
1 21 94
4 50 127
3 75 159
0 79 170
0 74 171
11 74 177
5 84 150
7 83 167
9 82 185
14 83 184
20 85 169
26 86 158
29 84 166
33 83 182
14 90 186
4 80 176
9 96 189
9 108 199
5 92 189
7 68 175
2 60 170
0 70 175
5 81 175
3 85 184
0 79 174
0 71 155
9 71 148
0 47 130
0 46 132
10 52 134
7 85 159
9 84 149
16 92 141
18 101 131
25 118 135
34 131 148
20 121 149
0 102 140
10 88 134
0 75 127
11 98 118
20 115 137
16 113 164
26 135 142
39 157 96
43 160 90
53 174 81
54 176 77
54 175 72
50 168 74
46 157 81
42 141 84
37 129 80
36 124 76
34 108 91
29 96 65
41 101 50
48 110 47
47 113 51
41 107 61
31 87 60
25 73 59
23 64 56
23 62 61
23 58 64
7 10 91
4 11 92
4 25 108
7 55 139
4 78 165
0 81 172
0 76 172
12 77 177
2 79 183
4 88 178
8 92 180
14 89 180
24 93 160
33 96 139
32 91 147
27 82 173
14 88 177
7 82 173
8 98 186
2 102 190
0 79 178
5 59 168
4 57 169
0 71 176
7 77 175
11 83 191
6 84 184
3 86 162
18 91 159
5 60 142
4 45 133
6 47 126
8 80 162
10 96 157
23 120 152
23 127 130
30 131 125
39 137 140
26 113 140
9 86 132
14 92 130
25 104 135
36 125 121
26 122 118
20 120 144
34 146 124
46 165 81
50 166 85
50 171 74
53 176 70
56 180 66
56 178 69
54 169 74
53 160 80
53 155 81
53 151 78
41 118 76
33 103 53
42 107 43
47 114 37
48 119 39
51 120 55
42 100 59
29 78 56
30 66 56
21 56 52
16 47 52
1 10 101
0 11 101
2 23 112
6 52 140
6 77 165
2 83 174
7 84 176
21 87 181
4 85 192
2 93 176
1 93 176
4 86 186
18 85 174
30 91 146
35 92 147
32 87 169
16 85 160
14 96 170
15 112 191
3 99 186
0 71 172
7 63 172
14 70 179
11 83 185
0 75 168
5 77 187
2 80 178
5 93 157
24 103 160
14 69 149
8 54 142
3 55 130
0 63 121
4 88 134
25 126 154
30 132 146
28 125 134
27 119 132
18 97 127
25 88 132
7 90 106
36 122 119
51 145 109
36 135 104
32 137 123
46 158 110
51 164 82
55 161 95
55 176 71
56 178 67
57 180 63
53 175 64
48 163 68
45 154 73
46 148 75
43 143 71
49 129 58
41 112 44
48 114 43
48 117 37
45 119 34
53 125 51
47 106 58
31 79 53
37 69 58
25 54 50
18 43 47
1 15 112
0 13 108
0 20 113
2 43 133
4 70 157
4 82 167
12 87 170
27 93 177
10 100 162
1 99 160
0 97 179
5 90 206
19 86 203
30 86 169
40 96 143
47 107 141
31 100 157
19 112 169
19 128 195
14 110 196
4 77 179
4 67 173
3 71 172
6 78 176
0 85 175
6 85 190
6 98 185
11 122 167
25 124 163
8 70 143
0 42 131
0 41 117
6 56 109
3 78 120
14 105 136
14 101 120
19 107 109
28 126 113
30 127 107
54 141 122
58 159 103
59 161 96
48 148 98
28 125 114
31 134 130
49 159 112
53 165 83
56 160 83
58 174 75
57 174 69
55 175 65
53 172 68
49 162 72
49 156 78
48 150 76
43 144 68
58 139 46
48 121 40
56 124 51
53 123 50
45 120 38
50 123 50
46 108 59
32 80 54
33 61 49
22 49 44
18 42 44
9 29 126
6 22 118
1 22 115
1 38 127
0 61 146
0 74 155
8 81 158
22 88 164
12 95 201
2 98 184
4 112 176
22 123 177
35 114 171
39 100 155
48 103 144
61 118 145
41 109 154
7 110 155
3 122 180
16 112 196
11 84 186
0 67 171
0 68 164
4 79 172
3 83 170
6 88 188
10 120 195
21 161 186
32 159 178
12 86 151
6 41 131
4 35 115
2 33 126
7 65 139
24 101 147
35 109 122
60 144 111
74 185 108
59 187 78
66 191 71
69 182 94
63 177 79
56 165 98
41 144 125
36 143 125
42 153 102
46 152 86
53 154 96
55 167 83
53 166 74
53 169 70
53 169 72
50 163 75
52 159 77
52 156 71
47 147 57
61 144 38
52 126 39
63 130 59
61 130 63
46 122 48
49 122 53
46 108 61
35 83 59
31 57 44
23 48 42
25 46 49
6 39 134
3 34 140
3 38 130
0 41 127
2 50 148
4 65 148
4 77 146
14 91 179
9 90 172
0 101 177
0 117 184
24 132 179
37 127 164
28 104 154
29 94 152
45 101 152
47 118 146
27 116 156
21 136 190
17 142 196
2 96 192
0 58 173
5 69 156
7 87 184
6 86 181
4 115 184
17 152 182
33 166 173
34 152 164
20 123 158
8 90 146
3 67 128
13 64 109
20 107 116
45 154 113
58 158 106
59 150 115
55 162 110
69 188 94
73 192 76
77 187 74
69 173 86
62 162 100
51 157 108
41 153 113
37 148 115
45 148 101
54 151 84
50 151 93
55 160 76
52 158 66
44 147 74
42 142 80
49 147 74
49 146 67
44 138 64
66 126 54
52 121 54
55 139 45
65 152 47
53 127 50
52 111 47
61 105 52
44 77 56
23 62 61
27 57 57
30 51 52
7 49 125
2 35 130
1 37 125
0 42 120
1 47 133
11 57 134
14 65 131
19 77 159
18 96 168
1 90 174
10 111 183
25 125 177
22 110 160
28 104 156
52 116 162
61 120 162
45 109 136
43 129 144
27 136 193
8 128 206
0 100 178
0 70 158
0 70 158
0 87 192
6 88 198
18 129 208
25 156 208
27 155 184
42 168 147
69 195 122
79 190 122
70 159 129
63 135 113
53 150 105
43 148 115
47 139 126
37 129 104
52 160 128
55 176 131
51 176 98
53 183 111
50 168 118
50 159 120
50 162 116
47 163 114
43 160 118
43 154 112
43 149 100
46 153 99
51 164 86
52 166 78
45 156 80
41 146 80
46 143 74
48 140 67
46 133 65
58 123 43
46 118 44
55 139 45
68 154 55
50 128 52
40 104 43
47 100 48
38 82 57
36 71 65
37 66 62
41 62 57
5 58 112
0 35 119
1 36 126
0 48 124
4 51 123
22 51 117
28 53 117
26 60 134
11 81 141
0 71 159
16 96 169
28 114 165
16 100 162
27 106 163
54 124 160
56 118 159
56 112 149
60 141 134
40 145 175
11 127 200
6 106 192
11 85 180
4 81 171
0 89 187
2 98 172
12 133 180
32 166 178
52 187 154
71 208 118
82 222 97
78 205 100
69 175 113
64 149 108
53 149 111
44 141 108
60 150 125
34 127 108
46 160 126
44 175 121
49 185 121
36 176 129
32 158 134
36 148 132
44 154 119
48 163 108
49 162 106
47 154 102
44 144 92
49 144 86
54 157 76
58 165 71
54 158 71
49 146 65
49 136 57
55 129 52
58 125 54
65 123 36
53 114 34
56 125 36
67 140 51
60 127 60
52 111 57
52 104 58
39 82 55
41 74 65
43 70 61
47 67 58
2 60 106
0 35 116
4 40 136
4 55 134
9 57 121
30 53 120
37 50 118
29 52 120
14 66 124
3 68 152
19 91 150
38 107 146
34 105 171
26 115 173
36 119 159
47 103 164
54 114 140
57 138 132
49 158 165
23 144 189
2 102 196
1 77 189
2 82 171
0 87 190
11 109 198
26 147 174
56 194 142
85 226 113
88 229 91
70 214 82
67 198 102
79 192 130
59 146 127
70 156 127
75 163 102
81 169 95
53 147 95
60 175 118
52 189 111
41 186 109
47 183 121
41 161 134
38 148 139
44 151 123
52 161 103
60 163 92
64 154 84
64 141 69
63 133 60
68 144 54
71 156 52
71 159 49
67 150 44
66 136 37
71 128 34
77 126 37
81 124 32
79 121 35
74 119 38
70 116 43
60 108 50
59 105 59
61 99 62
40 74 49
38 71 60
40 68 56
45 65 56
6 63 118
0 41 125
5 47 147
7 59 142
12 60 124
29 55 129
35 51 129
31 52 119
29 61 122
6 70 144
20 95 134
49 105 128
39 98 156
15 107 170
20 111 166
38 89 180
54 129 134
51 140 134
43 154 173
31 155 189
16 126 189
6 85 186
2 77 178
1 88 194
16 116 192
41 166 152
70 207 115
87 219 109
89 220 116
79 215 113
66 192 118
62 168 132
57 149 102
58 141 63
80 153 64
100 177 81
95 191 84
80 193 105
64 191 122
45 187 105
57 185 110
47 168 127
43 156 136
43 159 120
48 164 99
58 160 86
69 147 72
72 132 58
78 131 49
78 138 48
80 151 45
80 160 39
78 156 36
77 145 34
79 136 33
85 133 33
83 125 27
95 132 39
91 124 45
76 108 43
50 89 32
40 81 37
45 82 49
39 72 43
43 76 59
45 72 57
48 68 56
11 64 132
0 55 137
7 57 152
11 58 138
14 58 123
21 56 138
28 52 140
35 55 118
38 55 124
7 65 129
25 100 129
58 111 127
40 85 140
12 86 157
18 100 176
30 85 186
48 127 158
55 152 132
45 162 169
36 168 189
33 154 181
13 101 190
4 83 188
22 115 184
45 162 144
64 191 148
75 206 140
74 194 130
67 187 139
62 186 152
64 179 150
70 169 141
88 190 81
96 167 73
104 158 74
97 163 66
101 190 72
95 203 83
87 208 105
68 198 108
55 186 106
49 173 121
44 164 126
40 164 112
40 164 94
49 156 86
60 141 75
65 127 60
77 137 51
75 139 55
74 145 51
74 154 43
73 152 37
71 144 39
71 135 38
72 132 32
78 130 29
87 129 29
85 116 36
77 107 43
58 96 35
41 85 36
42 81 50
44 81 47
44 66 80
45 60 79
47 58 78
10 64 138
1 69 142
8 71 150
21 61 131
26 57 121
22 59 148
25 54 148
44 56 114
43 56 126
24 64 125
36 99 134
58 114 139
45 86 142
30 72 158
32 89 179
33 100 187
33 107 182
57 156 136
56 177 160
42 180 183
31 162 172
12 114 176
12 105 175
38 146 172
49 168 149
47 171 173
48 171 166
56 176 140
62 184 147
57 180 162
63 177 143
82 183 105
98 200 72
108 172 88
110 151 75
107 166 72
98 184 77
91 192 64
82 196 59
85 208 94
69 204 101
62 184 111
53 164 113
49 153 102
46 149 94
53 148 90
65 148 76
71 146 55
73 139 49
70 137 57
69 138 55
66 141 40
67 138 32
67 132 38
67 125 38
67 124 27
82 130 31
86 121 19
82 101 22
83 97 36
78 104 39
65 97 48
61 90 62
61 87 52
69 85 59
68 80 58
69 77 56
4 60 137
0 78 141
11 82 146
32 66 129
37 61 123
26 63 154
26 55 149
50 56 108
43 56 126
38 62 122
33 81 127
37 97 134
45 84 143
44 59 154
39 75 171
35 116 182
50 123 202
55 149 149
46 166 154
39 179 176
41 179 179
42 159 176
35 144 164
30 146 171
12 124 172
29 149 186
46 169 176
60 183 152
68 195 152
65 196 156
71 189 128
87 189 90
91 193 81
113 176 72
105 143 58
110 166 79
97 183 72
106 203 88
88 192 79
93 212 84
83 219 83
73 187 89
62 151 93
51 127 88
48 122 85
57 135 83
73 154 62
82 165 35
75 143 42
75 139 55
72 136 52
71 133 34
71 129 26
73 124 32
74 120 32
74 118 20
86 119 30
102 119 23
99 96 25
91 86 31
85 91 29
78 91 45
77 87 63
76 83 52
82 92 55
82 88 54
83 84 53
3 46 125
8 76 139
8 82 145
26 78 135
45 75 139
43 67 127
37 65 113
35 54 146
28 65 133
29 83 129
32 92 102
39 74 156
46 79 146
54 101 145
45 94 152
64 98 195
62 103 208
64 137 154
58 158 150
55 174 168
45 178 161
36 166 179
28 142 178
48 152 163
47 142 170
42 150 176
53 177 179
55 185 147
66 188 129
89 198 131
92 196 107
92 200 81
95 194 78
98 180 80
91 144 62
103 156 74
102 182 85
105 188 84
96 183 79
82 196 85
110 228 56
101 203 67
67 149 77
54 114 80
56 119 76
43 138 80
58 150 77
99 145 47
77 144 38
78 135 54
79 127 53
76 127 32
74 129 25
71 126 35
74 123 44
79 124 43
99 108 17
117 94 14
131 92 1
114 93 12
84 85 53
69 83 68
64 87 59
58 86 63
78 90 54
79 88 59
80 85 62
0 51 128
0 75 139
0 79 143
15 80 138
40 84 149
42 84 142
39 86 128
37 75 158
35 90 121
39 87 136
42 85 117
51 74 154
58 66 149
66 59 165
58 44 179
77 62 213
75 72 221
72 92 189
65 116 182
66 146 181
50 142 179
43 138 194
34 145 175
32 157 175
49 156 150
62 164 153
81 179 140
101 197 110
108 206 87
111 211 85
106 216 83
91 211 62
107 185 83
101 163 80
102 137 69
110 144 67
110 166 69
125 177 76
117 170 64
111 191 70
111 213 67
113 206 53
73 158 67
42 117 84
51 120 75
51 135 76
60 144 85
82 144 61
70 143 51
81 136 55
82 126 41
72 123 20
67 129 20
71 131 33
81 122 26
87 112 8
98 98 8
116 83 2
124 75 0
106 79 8
78 81 38
63 82 54
62 82 55
62 81 59
59 93 56
60 91 59
60 88 63
10 55 138
7 69 142
2 68 146
20 70 141
41 79 154
43 84 148
40 87 131
37 73 157
43 95 134
44 87 156
40 78 143
45 71 158
48 62 150
52 56 163
49 51 172
70 76 196
67 74 190
76 82 192
83 115 154
100 157 148
83 134 165
82 123 167
83 153 143
68 176 126
66 165 108
91 175 113
112 181 92
138 205 74
144 220 62
133 223 63
127 231 72
109 219 58
106 185 76
94 157 78
99 137 76
103 139 65
101 150 59
125 160 76
122 152 64
120 176 65
126 197 67
140 195 32
101 154 46
58 120 79
51 119 78
48 123 90
57 134 98
79 149 60
76 140 53
79 128 39
82 118 22
78 124 16
77 136 30
81 135 37
91 115 17
99 95 0
111 93 7
125 82 3
124 70 8
104 75 19
83 86 29
72 87 44
69 83 57
70 86 60
59 87 62
60 85 66
58 82 69
9 45 133
6 54 136
6 53 143
25 60 144
41 71 157
43 82 151
43 87 134
42 72 158
53 85 126
57 95 144
49 88 145
49 80 163
43 74 157
39 78 153
29 75 150
42 89 169
54 84 180
88 100 172
110 134 136
130 185 117
105 150 145
99 113 162
112 143 109
103 170 77
105 170 80
123 181 78
137 192 65
147 209 64
143 217 68
135 217 73
136 217 78
131 208 66
115 198 56
102 173 67
101 150 69
104 150 62
97 148 55
119 150 72
130 147 69
125 166 64
138 188 57
150 169 28
131 138 32
103 125 61
74 121 77
44 121 101
56 139 97
92 154 43
97 131 44
92 118 31
92 115 25
92 123 30
85 124 33
83 111 26
99 98 16
120 94 10
124 85 8
129 81 7
116 72 23
98 77 32
89 88 21
85 85 33
74 80 54
67 87 59
67 80 70
65 78 71
63 74 76
0 42 131
0 49 132
4 49 142
25 59 146
35 69 156
32 81 150
36 88 135
38 72 159
67 69 143
83 84 141
71 82 138
57 87 139
47 81 142
51 80 140
46 81 139
48 98 157
57 76 168
106 100 144
128 126 139
139 193 109
110 180 128
91 133 171
105 147 109
113 168 85
135 173 88
143 186 70
156 206 59
148 208 58
139 205 71
134 202 81
128 192 70
132 191 65
128 202 47
121 191 67
102 156 60
106 156 61
99 149 50
124 144 55
152 155 64
142 164 53
127 175 63
123 151 49
120 134 36
127 136 45
112 136 62
75 145 73
74 156 71
97 143 45
118 112 50
94 95 35
78 86 29
79 90 30
88 95 27
98 92 14
108 86 11
113 80 13
130 75 8
123 78 11
106 79 34
94 83 38
98 88 19
97 80 24
79 78 47
60 90 52
60 82 70
57 78 73
53 74 75
0 40 132
2 43 131
15 43 142
34 54 143
35 59 147
28 68 140
37 76 131
43 59 155
79 51 164
105 68 146
89 76 129
61 105 106
46 96 123
52 74 132
50 79 139
47 110 154
80 93 135
116 100 149
129 121 119
137 181 122
116 201 120
97 174 128
104 156 134
125 174 92
135 172 94
144 188 67
160 210 53
154 201 45
150 197 57
149 200 69
128 189 59
123 192 63
104 184 73
107 189 91
78 149 73
82 147 79
81 143 60
114 141 44
153 159 49
145 165 44
114 160 72
94 148 70
85 144 52
116 149 45
136 154 42
118 170 33
94 163 47
84 115 73
86 64 40
77 65 39
69 65 40
68 61 32
81 65 14
106 80 3
113 85 1
104 77 0
125 72 2
114 73 11
102 78 30
96 84 32
101 83 17
105 79 18
89 83 35
64 90 43
64 81 62
60 76 63
56 73 65
3 44 136
6 42 130
22 40 138
42 47 138
36 50 138
29 59 132
43 69 130
54 52 161
80 48 149
102 91 121
89 108 114
77 126 104
53 104 135
41 80 137
44 81 134
56 100 147
110 126 126
121 112 167
127 127 115
141 170 140
132 198 124
117 195 96
112 163 132
133 180 78
138 180 72
146 196 61
149 202 52
153 192 49
164 191 52
165 198 55
139 198 56
116 195 67
74 167 87
82 184 100
62 154 87
64 146 97
75 145 75
119 148 40
156 157 30
150 161 33
129 150 45
110 151 59
83 148 58
98 153 52
132 161 43
123 159 33
90 134 57
69 89 90
80 80 70
85 83 62
88 80 57
89 72 52
101 79 40
127 103 31
135 110 20
119 92 5
116 79 0
108 66 6
106 69 14
103 79 15
98 77 10
104 80 10
99 86 18
80 85 29
84 77 49
79 71 50
75 68 52
13 70 159
12 63 146
25 55 145
38 56 138
25 52 131
14 57 125
30 66 124
41 47 157
78 55 163
81 124 114
66 131 107
75 111 107
60 81 138
47 91 116
78 110 107
128 114 127
129 132 115
125 119 129
133 134 120
156 174 124
156 204 118
146 214 111
133 200 94
151 215 69
158 199 45
159 212 59
141 197 60
145 184 67
164 186 62
167 191 51
147 198 61
111 184 67
77 167 79
89 190 86
80 172 85
82 157 98
100 157 78
150 162 34
176 156 7
175 160 19
161 150 8
151 148 35
109 139 53
96 149 57
116 158 58
99 129 65
71 95 82
66 75 92
78 105 86
88 102 66
98 93 53
91 74 48
85 66 36
102 83 24
119 97 12
122 92 4
118 97 8
117 71 12
122 70 10
117 80 9
101 80 13
108 89 13
114 97 17
101 86 27
97 77 40
90 71 39
85 68 42
8 90 140
16 95 138
43 87 158
57 82 146
23 61 126
12 43 134
44 59 150
49 62 166
73 72 166
82 101 133
83 98 117
50 92 130
59 99 124
94 107 87
94 122 73
106 127 94
134 121 131
140 127 136
165 139 126
179 163 111
166 189 101
160 198 95
161 211 80
158 234 64
182 229 37
162 203 73
132 181 63
139 185 63
163 190 51
168 187 46
134 186 76
79 183 62
82 179 74
103 203 81
92 189 84
88 173 80
115 183 62
143 177 41
168 160 36
187 153 29
193 160 29
166 151 6
142 152 27
92 143 42
112 133 56
109 96 52
71 90 71
70 84 84
75 94 66
89 90 72
110 98 50
104 87 41
86 68 64
88 70 50
122 95 26
127 85 9
127 87 15
114 72 14
112 69 0
118 76 0
121 79 19
124 85 16
124 93 3
122 91 9
116 87 21
103 78 24
87 69 31
26 106 159
27 100 145
52 94 144
78 104 155
49 86 154
19 47 146
39 51 149
62 76 164
102 101 159
95 109 120
84 115 117
33 111 133
25 94 123
87 97 109
117 112 119
116 101 132
133 105 146
157 105 171
171 126 165
166 157 142
166 177 108
173 186 81
179 193 79
182 206 66
185 215 41
168 214 45
147 208 43
137 196 56
147 188 58
159 191 54
141 190 62
110 182 56
119 219 59
123 234 69
107 227 80
97 215 92
108 209 77
134 196 49
162 178 27
174 158 3
175 150 5
177 154 0
169 138 13
127 118 25
126 110 35
113 76 34
85 73 61
73 62 70
70 71 65
100 101 59
112 111 67
82 85 64
68 76 63
67 67 55
102 81 36
136 101 0
124 87 7
117 77 15
112 72 0
111 73 0
118 80 7
131 97 10
135 107 7
129 102 13
123 92 25
112 86 27
98 80 34
35 118 160
42 113 145
60 97 142
78 104 137
61 99 144
43 67 153
56 61 142
72 80 155
98 96 180
88 93 133
75 103 114
34 113 118
38 96 118
115 88 129
152 86 157
136 58 170
140 77 168
173 76 191
172 107 173
150 141 158
162 157 127
182 170 86
195 183 73
209 196 40
190 191 74
172 205 56
152 211 59
137 200 60
134 193 64
147 201 61
156 207 42
161 201 42
136 227 64
130 224 66
119 217 70
112 205 88
108 190 90
125 190 72
150 193 52
151 175 35
168 145 15
174 147 8
169 110 8
143 93 20
128 98 28
110 70 21
105 68 50
102 67 63
86 55 60
104 85 42
106 97 66
67 68 72
60 67 75
70 59 75
100 57 50
145 84 3
137 84 14
129 74 20
120 65 9
120 67 0
128 81 3
137 98 3
138 104 4
132 100 17
123 92 25
114 90 28
105 88 34
33 130 137
45 122 128
69 101 148
82 110 124
78 119 125
81 100 143
89 83 121
85 77 137
96 83 155
101 88 132
96 99 104
78 109 94
93 105 101
137 95 109
156 85 129
149 73 163
159 79 174
173 75 194
168 96 180
155 120 184
160 140 152
179 164 97
201 186 71
220 203 27
193 175 51
172 187 42
147 186 57
134 187 57
114 177 63
101 166 72
121 168 54
141 157 50
141 163 63
131 168 63
115 174 54
100 173 68
85 155 83
98 153 72
126 156 56
130 138 52
142 112 24
146 122 22
137 88 21
109 64 22
104 92 32
119 103 41
128 96 49
118 90 43
95 87 51
86 85 41
94 106 60
67 87 60
61 75 78
76 67 72
100 58 34
129 63 11
145 62 12
129 45 9
122 39 7
134 58 9
147 85 10
146 97 5
138 98 10
138 100 29
113 91 8
107 91 13
100 93 15
51 165 139
56 136 123
80 115 117
91 119 120
88 129 113
108 122 109
129 108 115
129 106 126
105 110 142
97 101 139
81 92 110
93 94 99
117 103 118
128 101 108
131 89 101
132 84 126
147 94 148
131 86 181
140 80 202
157 86 216
153 112 172
159 145 100
186 169 65
204 184 37
194 160 50
189 187 42
166 186 53
148 186 67
112 167 86
79 146 95
96 147 80
108 126 68
122 132 59
122 144 62
110 151 49
96 147 54
85 133 71
95 131 57
122 137 44
134 129 48
140 117 39
124 113 24
118 93 37
108 77 48
107 108 51
122 131 52
116 107 28
115 114 22
92 104 42
76 84 45
98 108 56
91 102 46
84 81 50
89 66 25
105 55 0
124 49 7
152 56 8
137 41 1
126 33 0
137 57 6
153 92 9
144 101 6
126 96 10
122 98 24
112 97 32
106 96 34
99 99 37
55 177 128
79 158 127
108 148 86
98 125 116
91 127 117
131 141 88
156 123 118
144 116 95
108 98 169
88 83 177
71 85 146
88 88 116
89 87 109
76 94 94
85 95 87
89 92 111
94 83 123
76 79 150
104 61 202
145 55 230
148 80 201
149 117 140
170 144 83
183 155 58
176 126 101
191 173 65
175 188 48
138 173 69
95 151 90
78 146 85
97 156 72
99 140 62
95 149 73
109 161 79
110 155 72
103 144 76
103 138 80
112 143 63
132 155 51
140 155 52
136 136 36
138 133 29
135 123 51
119 91 51
113 112 48
132 157 65
117 126 33
111 119 16
105 96 63
84 69 48
88 68 44
89 63 26
105 68 23
112 59 5
124 51 0
142 52 17
161 72 12
152 67 2
138 58 0
138 69 0
147 99 1
135 106 4
114 98 11
108 100 15
108 99 44
100 97 46
89 95 47
68 187 121
106 180 117
123 155 79
85 108 102
79 114 107
136 147 81
163 129 104
144 112 97
136 80 181
118 56 189
93 65 149
99 75 97
90 80 88
75 99 86
75 103 88
54 97 106
67 71 119
75 71 132
107 57 204
140 51 229
150 67 219
155 106 185
165 141 113
170 142 92
168 116 128
182 158 88
176 193 61
115 169 71
73 144 88
79 149 86
89 145 82
93 143 82
92 141 86
103 159 86
102 164 91
98 165 96
100 170 82
111 174 67
122 172 61
121 157 49
120 142 42
130 128 25
121 124 37
123 115 53
113 131 47
118 171 65
118 134 46
132 113 36
114 80 45
103 69 31
99 64 34
105 66 35
127 85 37
126 72 26
124 55 22
125 46 13
153 68 11
153 73 0
146 67 0
144 74 4
146 92 2
129 91 8
113 85 20
116 98 26
115 111 38
103 106 39
90 100 40
85 198 120
112 182 84
120 140 91
86 104 106
85 124 106
131 141 81
147 120 65
140 108 123
114 92 156
124 64 188
111 59 157
116 54 103
117 50 103
117 64 110
123 70 114
96 74 136
73 71 110
106 67 130
128 57 223
137 54 230
149 65 203
155 107 181
151 144 116
149 132 122
160 112 126
164 134 106
167 191 93
101 174 84
64 150 85
81 151 91
72 121 92
82 129 97
87 134 90
97 148 73
104 152 76
108 163 79
109 183 58
117 204 63
119 210 83
101 193 69
112 144 69
138 136 53
118 136 52
118 142 66
104 155 54
103 188 71
116 137 58
135 81 34
158 85 6
151 84 5
141 81 9
132 73 15
131 71 21
123 54 13
133 53 18
130 44 9
149 57 16
151 63 0
150 61 1
151 69 13
146 76 7
117 55 4
102 49 15
118 76 28
107 100 48
93 91 50
78 83 51
99 199 113
126 193 87
138 180 78
98 124 89
120 110 108
167 117 120
166 130 78
112 106 92
102 77 132
116 62 173
159 42 208
129 45 157
105 53 128
133 50 128
126 56 108
119 65 140
65 77 103
143 57 148
140 57 199
133 63 224
153 69 209
160 97 176
168 121 155
161 121 147
193 103 141
201 117 141
164 162 88
92 165 96
71 153 89
89 145 100
81 132 91
71 128 95
95 129 78
93 136 93
93 129 81
140 169 89
123 181 61
101 204 69
103 214 93
96 188 81
79 178 70
101 171 82
102 135 64
108 146 71
123 180 86
146 170 72
170 137 44
152 97 4
165 95 10
158 91 23
146 82 18
141 69 10
145 57 17
145 52 9
139 53 4
131 53 15
145 54 33
162 64 0
155 61 0
136 62 0
129 75 3
121 65 4
111 53 15
112 64 26
91 61 63
63 76 66
68 73 66
96 230 105
141 226 83
147 177 91
117 111 123
132 111 120
164 125 118
158 122 96
119 88 130
95 80 165
119 72 178
160 52 200
139 44 174
129 51 153
154 57 152
140 59 128
129 59 113
130 55 140
140 58 143
128 61 190
111 66 195
105 75 187
126 97 181
168 113 155
189 112 166
187 101 200
180 94 201
175 116 162
134 142 145
84 170 99
72 160 99
74 130 95
76 125 80
76 115 86
86 135 80
91 145 69
104 159 76
97 171 72
98 199 79
88 203 82
99 212 104
119 206 65
119 187 68
120 156 66
118 153 71
122 165 73
149 155 55
179 136 31
183 130 16
181 112 11
174 112 11
164 111 0
164 103 0
167 89 14
167 82 15
165 87 5
166 95 15
159 82 30
153 72 6
154 65 7
153 65 17
141 71 9
125 76 9
111 68 26
99 53 38
73 62 66
47 80 69
54 79 73
76 190 128
135 201 103
146 143 102
138 98 135
130 104 113
122 116 100
114 112 89
110 94 123
139 93 157
144 98 144
152 86 150
131 58 166
123 48 167
140 56 180
168 58 191
222 53 170
177 49 158
91 66 108
69 73 136
73 79 141
80 89 158
122 97 178
162 105 140
187 109 159
185 116 181
184 109 191
188 102 177
154 100 160
98 141 111
77 170 117
80 149 121
83 121 96
72 114 94
88 126 87
96 136 74
110 155 70
125 178 62
140 201 62
133 203 70
143 221 109
143 209 83
119 182 68
122 166 71
130 164 77
144 166 68
173 150 46
193 133 19
201 144 15
203 129 8
200 134 14
196 140 3
192 134 0
185 114 8
180 105 3
187 116 0
196 130 18
176 112 22
148 85 16
141 63 14
149 56 13
142 63 7
123 81 9
104 73 27
86 43 50
72 51 56
47 70 60
56 71 64
85 155 147
126 162 136
132 111 120
153 103 132
127 102 106
86 96 97
71 86 91
89 80 123
141 71 141
130 93 126
135 105 117
163 75 161
184 50 181
167 53 174
169 57 183
222 54 167
158 57 149
60 73 90
55 87 100
58 85 114
55 78 132
92 79 148
118 97 130
151 121 149
176 110 171
186 116 170
180 105 170
155 78 174
132 99 144
107 161 109
91 170 87
94 127 80
95 125 91
104 124 89
121 130 67
173 182 67
198 219 66
186 221 67
167 213 78
145 195 74
122 174 108
101 164 93
113 167 91
141 175 88
161 163 62
189 136 30
208 127 12
204 140 14
218 125 0
210 122 16
200 121 16
189 117 6
182 110 0
184 114 0
190 126 0
193 130 16
185 129 20
157 97 27
134 63 9
131 52 0
133 63 4
122 77 10
103 69 23
89 48 56
82 43 61
58 64 64
67 65 66
101 135 144
103 123 150
95 79 142
134 93 137
125 97 120
92 97 100
79 88 95
89 70 136
157 74 166
140 88 152
116 99 109
151 72 137
210 42 179
212 45 174
186 59 172
176 69 165
133 72 149
91 68 114
96 74 97
64 66 115
43 66 134
67 86 142
74 98 142
103 109 133
163 96 189
160 93 186
156 84 183
163 71 182
158 85 166
133 146 92
118 176 55
125 146 90
117 131 82
133 149 76
168 171 54
210 199 47
207 222 61
161 220 76
135 217 91
122 196 81
114 171 118
99 171 107
100 164 90
137 170 83
173 155 57
206 124 24
223 123 12
198 127 0
231 117 0
214 103 11
193 91 7
180 86 0
180 95 5
192 119 6
198 133 5
190 129 14
183 122 31
167 95 36
144 74 12
130 74 0
132 79 13
135 79 22
120 68 28
100 57 51
78 47 65
53 67 68
65 69 70
155 142 160
134 123 155
111 85 158
119 80 147
102 72 144
75 82 100
64 85 78
60 66 102
161 91 161
187 100 169
148 100 126
118 74 127
149 43 177
193 32 196
202 41 197
165 54 193
118 72 134
121 64 132
111 71 98
72 63 116
78 78 138
108 113 142
95 109 148
88 91 110
140 87 167
145 87 208
169 84 213
186 97 161
169 119 146
157 153 89
153 162 55
126 132 84
128 142 81
137 168 64
178 199 60
199 191 46
210 216 66
172 228 75
121 200 72
115 180 88
121 184 80
125 202 96
126 188 89
156 173 79
180 140 45
207 105 7
230 116 4
205 129 0
235 114 0
228 105 9
213 96 1
190 82 0
176 76 1
180 94 7
190 117 12
191 122 21
170 95 53
162 78 44
157 81 29
150 97 17
143 91 18
144 76 29
129 64 36
100 51 36
84 51 44
58 70 46
69 71 47
200 166 157
176 141 135
153 106 158
126 81 140
97 69 153
62 70 117
45 79 91
35 74 79
104 92 128
177 106 146
171 95 141
130 63 134
124 33 173
161 17 213
184 27 202
134 53 174
100 59 125
122 66 139
104 80 114
88 77 117
108 92 118
127 116 110
124 111 128
108 102 116
117 75 149
134 71 201
161 76 206
172 116 119
165 143 106
179 163 88
192 179 74
163 171 72
158 173 72
150 190 65
176 224 80
183 202 60
202 204 58
188 203 50
157 190 57
151 189 86
146 200 62
151 215 79
156 198 74
175 169 55
200 137 31
227 108 6
236 111 1
211 130 0
229 120 0
227 112 6
223 106 1
207 91 0
179 69 0
164 65 0
166 76 13
167 80 35
157 67 79
149 63 64
156 74 52
165 90 32
160 86 15
141 64 22
114 44 34
92 35 24
95 42 26
70 59 27
78 59 26
196 179 159
169 135 136
155 96 176
129 79 132
114 89 129
74 80 104
49 77 88
39 80 50
68 71 76
129 103 90
144 95 125
152 63 145
160 39 192
175 20 244
175 33 213
103 69 155
108 69 162
119 63 154
93 58 126
98 66 113
108 97 105
101 117 91
112 111 109
104 108 133
123 87 157
137 59 171
139 71 182
153 139 112
167 145 104
173 137 89
184 171 79
184 200 68
200 202 56
175 212 54
179 249 72
188 247 69
197 213 65
181 174 57
176 192 70
151 205 59
161 200 71
164 210 76
176 198 64
184 161 31
209 134 9
240 112 2
240 112 3
225 140 21
234 140 8
222 114 13
219 102 7
219 101 5
203 88 7
178 73 8
158 57 29
145 39 61
150 52 99
147 63 87
149 62 68
168 68 34
174 75 8
133 51 11
92 24 25
88 26 27
86 16 24
57 33 23
64 30 20
205 144 125
185 119 165
183 97 170
147 87 159
140 85 150
158 95 148
104 81 107
79 79 41
64 70 66
111 83 105
114 70 83
117 85 98
134 48 185
145 25 201
101 33 170
82 49 156
114 55 165
108 56 154
89 41 115
114 84 86
115 117 103
92 119 114
94 113 91
125 108 124
128 90 141
132 79 159
160 100 151
158 121 112
161 145 85
195 156 79
204 162 78
200 212 68
221 216 62
209 222 57
218 228 67
196 230 74
143 205 60
181 199 79
198 191 74
178 219 78
191 205 58
198 195 54
201 189 51
200 172 37
218 135 13
245 107 0
249 119 0
234 149 7
240 140 3
244 133 18
230 118 6
210 110 0
210 108 0
206 96 9
170 59 39
129 24 83
139 26 78
142 48 66
151 75 43
164 84 31
156 63 32
130 33 26
100 18 20
83 19 20
77 19 15
73 25 11
68 30 7
221 125 152
187 107 180
176 101 194
126 87 154
141 103 150
160 107 149
118 100 122
88 92 77
107 72 94
131 64 115
128 71 112
96 76 103
116 36 171
142 19 185
90 18 152
70 23 139
94 37 144
110 58 122
107 45 122
152 104 92
145 127 81
110 114 113
120 127 94
118 99 101
124 61 165
133 52 172
158 79 144
167 117 108
187 147 86
214 156 82
213 162 83
204 196 69
204 212 65
213 207 67
203 195 62
188 186 65
185 174 68
211 179 78
215 188 71
195 194 52
203 195 48
210 185 43
209 175 39
209 159 28
227 128 11
251 104 0
250 115 0
232 141 9
242 129 1
250 129 12
249 133 10
232 129 1
220 112 3
221 97 11
199 69 33
164 34 62
148 33 76
139 36 65
139 52 32
150 70 1
154 64 11
134 44 36
103 33 35
81 34 14
77 22 15
75 28 12
70 34 8
233 130 159
188 106 172
156 90 188
114 79 145
140 103 144
154 103 146
140 127 144
88 104 104
93 73 82
99 53 81
130 90 114
93 87 101
108 44 158
132 30 168
81 27 139
64 29 123
101 40 143
120 58 123
145 68 138
172 98 111
162 113 70
147 120 99
137 112 115
138 101 132
130 52 188
156 56 191
162 78 138
161 104 87
189 129 66
222 154 79
220 171 95
199 181 69
206 200 76
194 183 67
177 166 61
188 171 79
214 174 89
215 156 64
228 165 52
227 169 36
218 182 36
220 171 32
218 158 25
221 143 17
240 120 10
255 103 3
253 112 6
232 133 13
245 126 0
255 133 8
254 144 7
233 139 7
221 120 12
229 107 6
226 90 2
206 67 12
144 37 55
123 24 44
113 21 34
128 34 34
143 46 40
134 43 48
107 36 44
84 32 34
85 31 19
81 34 16
76 39 12
191 108 188
160 79 184
122 44 189
117 58 168
136 79 160
145 85 155
165 142 160
101 112 108
45 73 59
43 50 42
123 94 98
123 86 104
116 47 153
106 28 147
67 30 125
57 35 110
112 50 123
142 73 130
175 92 144
182 98 122
178 108 83
175 118 91
149 89 114
160 93 164
147 75 175
159 65 159
157 88 106
175 128 86
198 133 65
195 129 51
189 150 73
194 173 68
209 186 80
170 173 66
174 170 73
199 173 88
213 179 89
205 149 52
231 157 50
232 168 45
223 176 36
225 165 32
223 150 21
228 133 13
247 115 7
255 102 4
255 112 7
238 132 14
243 122 7
252 132 9
244 144 0
222 142 3
214 132 24
228 121 23
230 105 12
219 85 14
154 47 31
127 29 30
106 15 50
112 21 65
127 35 58
130 37 55
118 29 59
105 23 59
80 26 14
73 26 6
67 28 0
153 93 179
150 73 167
124 45 164
132 65 162
139 77 162
148 86 171
172 121 164
145 115 141
54 75 80
27 48 53
109 61 99
145 61 120
121 49 149
81 33 119
64 40 118
69 45 119
122 61 94
163 94 122
168 91 123
182 106 90
178 99 84
177 88 108
183 92 109
181 85 146
168 99 118
169 87 101
162 104 64
180 132 66
197 124 56
187 113 40
184 136 62
198 163 61
198 176 67
173 166 59
196 180 82
204 165 72
210 160 61
217 159 52
231 174 67
217 177 66
222 177 50
224 170 44
223 155 30
230 135 17
247 117 7
255 106 2
254 114 3
245 130 11
244 111 20
247 116 8
247 135 0
227 143 8
214 132 32
225 123 48
230 106 54
210 75 56
182 36 83
153 25 82
118 16 82
101 20 61
102 29 40
109 26 56
114 23 66
115 28 36
96 38 27
87 36 17
79 35 8
125 46 213
138 42 193
121 40 168
115 51 147
122 69 151
144 87 168
162 87 156
186 118 177
115 102 128
68 70 91
93 45 103
113 49 110
91 55 119
53 47 75
39 50 80
57 52 93
131 73 95
152 80 128
161 87 110
177 101 85
174 75 104
192 67 145
206 85 128
200 94 98
184 102 62
185 109 60
182 124 42
183 119 47
198 109 53
215 121 60
220 141 74
218 154 54
212 165 49
197 138 36
200 168 65
199 175 65
221 157 51
232 161 53
227 174 68
230 171 79
223 178 63
226 177 59
225 163 44
232 141 24
247 122 12
254 112 4
249 115 0
246 127 7
253 109 10
251 98 2
255 118 12
245 130 24
215 111 24
224 111 31
230 104 43
198 66 41
198 29 94
171 31 68
131 25 61
96 19 51
83 19 43
88 19 63
101 25 63
109 36 17
103 41 28
98 43 22
94 45 15
143 49 205
152 47 192
127 52 153
108 45 124
119 64 129
128 74 132
151 74 154
160 99 176
120 94 131
103 79 93
79 53 80
62 56 84
71 50 106
66 53 81
31 57 70
55 69 78
122 76 113
139 69 139
164 83 124
187 91 139
193 67 141
211 63 139
209 69 114
198 92 50
191 95 45
174 105 40
191 135 42
207 134 65
215 123 76
230 125 70
232 129 63
231 148 46
236 169 39
217 132 26
189 147 45
196 184 72
225 167 59
241 156 49
232 159 56
243 162 73
224 170 64
227 175 63
227 166 51
235 145 31
248 130 20
251 119 10
247 117 7
247 123 11
248 113 0
254 96 5
255 101 17
247 107 22
224 99 19
222 99 21
215 85 35
183 48 54
180 34 71
162 40 37
131 30 44
100 19 62
88 20 57
94 26 73
102 30 76
103 34 37
102 37 17
107 47 19
109 55 19
151 52 205
160 46 206
125 46 161
118 41 145
132 60 136
116 59 104
147 86 156
98 74 134
101 72 130
135 81 94
97 76 71
54 70 85
90 39 134
110 43 136
50 52 101
77 81 93
123 85 134
156 96 130
153 62 132
191 75 172
210 68 144
210 49 90
218 78 65
196 94 32
184 86 51
170 111 51
196 146 57
201 130 68
199 115 71
228 124 71
235 123 59
226 141 35
237 183 35
225 158 41
189 139 44
200 167 70
216 157 55
249 152 49
248 156 53
226 163 60
225 160 58
229 168 61
229 163 50
237 147 35
252 136 27
253 124 20
247 118 14
246 121 15
229 106 2
252 103 21
253 92 11
240 95 4
237 106 24
224 94 45
189 50 83
160 16 140
140 12 167
132 14 150
114 6 143
97 5 104
96 19 61
106 28 78
105 23 85
97 21 34
101 34 8
113 50 17
121 63 23
170 50 209
155 44 183
86 28 128
67 48 112
94 56 113
116 59 112
131 80 123
119 69 107
132 76 137
119 72 90
92 59 70
46 28 50
63 48 67
91 65 100
75 55 106
60 59 99
82 48 134
119 61 111
156 77 122
191 92 159
206 72 125
226 60 72
217 71 48
184 85 44
182 99 45
205 130 62
197 125 75
178 103 74
192 108 74
216 119 86
225 120 72
228 126 41
223 171 51
234 186 52
198 138 26
210 124 39
254 147 53
252 140 38
243 146 51
235 157 59
237 153 63
232 173 79
225 162 65
240 137 34
254 118 8
243 97 46
234 94 41
234 88 47
239 86 18
221 87 36
193 57 67
214 66 52
208 53 67
174 39 108
137 26 144
109 6 150
105 0 154
97 1 186
76 3 154
69 6 120
83 19 97
89 19 79
85 17 66
88 35 17
105 53 0
120 69 16
110 59 12
158 49 200
133 47 180
86 33 137
55 32 104
57 45 93
78 56 95
82 54 92
57 37 72
53 33 70
65 48 58
51 39 53
25 26 47
35 42 48
60 67 75
46 68 91
21 68 86
66 54 104
117 92 70
128 90 77
133 87 115
168 93 97
204 81 66
217 73 62
221 92 60
194 108 75
200 120 83
190 113 85
179 98 79
194 103 76
221 118 77
233 123 60
238 124 36
217 137 16
251 188 47
234 157 39
214 103 21
225 110 21
233 144 40
242 158 59
240 142 43
240 158 56
234 158 60
239 145 49
253 125 36
239 110 27
220 105 61
229 108 37
243 87 28
240 83 30
229 93 41
207 81 40
231 110 0
227 106 2
183 74 51
137 40 111
114 17 148
106 12 152
92 2 162
82 5 135
88 21 118
94 30 91
82 20 59
81 19 58
97 46 43
102 46 33
102 48 38
92 39 33
149 46 187
100 31 156
82 26 137
74 32 114
51 50 94
36 43 71
20 17 48
3 7 42
38 15 43
68 39 59
50 21 52
33 11 49
28 14 27
56 51 48
50 69 75
28 75 83
49 70 71
90 71 65
127 72 67
161 92 87
187 100 91
193 83 70
194 87 55
193 109 47
205 123 86
196 114 90
185 103 82
180 94 71
194 96 69
218 107 61
234 111 41
235 103 28
240 111 20
252 157 31
246 150 37
235 102 27
244 89 22
255 112 39
255 123 47
255 116 32
244 129 36
251 118 41
255 130 38
253 152 46
231 146 56
229 124 76
238 107 39
221 64 31
218 50 75
213 62 95
199 63 75
226 110 7
224 120 0
180 91 23
138 58 71
124 47 103
98 27 119
91 11 126
98 15 119
113 34 123
105 38 91
82 31 40
82 33 36
99 52 44
98 50 30
87 40 20
79 32 12
161 62 188
102 31 149
85 19 127
90 35 119
68 53 96
32 49 67
16 32 55
22 31 64
30 26 49
57 45 65
42 32 56
31 26 56
15 13 27
50 52 49
48 69 62
36 83 77
51 56 78
59 33 81
88 39 84
129 72 91
164 89 94
184 89 69
205 114 57
202 128 53
188 117 53
185 107 71
176 93 59
173 85 49
191 89 64
217 100 57
234 100 39
238 90 42
240 82 43
248 103 22
255 117 29
251 104 34
250 91 25
249 81 18
244 74 13
255 92 20
249 117 32
255 119 39
255 144 36
242 155 50
218 119 60
223 82 65
238 80 33
227 64 59
208 51 80
208 54 108
204 55 93
218 91 40
197 83 49
149 50 78
100 15 118
79 3 135
70 4 128
81 0 149
101 0 168
106 4 174
89 7 143
73 16 85
70 24 60
69 21 61
86 42 29
81 38 21
79 37 13
148 78 176
119 51 150
85 31 119
74 31 100
62 37 79
30 47 63
18 52 62
21 36 59
25 41 67
41 55 68
46 65 69
41 66 73
24 40 56
58 63 69
38 53 46
29 60 54
32 36 97
35 39 84
38 33 99
55 30 113
122 65 97
177 93 56
210 117 56
199 115 55
171 102 47
180 101 71
169 84 55
159 68 39
179 73 60
203 81 58
220 78 42
234 74 52
226 61 57
246 70 23
255 78 12
245 84 12
244 121 28
247 138 43
241 110 28
255 98 17
253 139 40
255 176 70
255 166 54
235 99 47
226 51 68
237 59 91
243 80 49
228 52 55
203 62 96
206 48 122
205 45 109
202 57 74
161 31 95
126 18 119
93 6 139
66 0 126
72 5 136
91 4 160
109 5 178
102 0 173
85 0 148
82 24 100
78 36 58
63 18 57
65 19 29
74 30 29
78 36 24
86 56 128
72 32 103
43 19 77
39 26 70
36 22 58
14 29 48
9 50 56
20 47 58
38 52 81
44 53 68
58 74 64
56 73 67
47 48 66
79 61 75
58 42 45
41 38 49
32 44 82
23 30 82
39 28 104
64 17 109
120 35 102
156 61 59
179 96 54
150 81 48
157 76 73
170 81 83
157 62 58
144 42 40
158 47 54
181 52 56
200 49 40
221 53 42
238 53 58
241 70 27
244 72 10
237 65 1
241 101 13
243 136 32
240 114 27
255 91 16
243 115 24
244 120 34
232 96 34
229 66 61
231 55 76
224 59 75
223 69 45
220 54 92
190 55 98
199 39 129
205 42 125
189 45 114
138 12 138
118 12 138
100 11 137
75 7 106
90 8 155
95 4 161
99 2 159
92 0 139
81 0 130
81 21 95
79 37 49
67 25 61
60 19 37
74 35 38
85 47 34
55 47 107
32 24 71
25 24 56
18 23 52
11 7 42
8 7 41
14 31 49
26 62 62
18 52 62
24 49 54
41 64 46
46 64 42
55 53 54
86 67 69
78 64 64
45 45 71
54 51 70
29 17 93
50 27 99
73 26 81
101 22 101
121 28 85
160 70 80
145 58 67
137 44 73
146 46 56
141 35 39
139 28 37
153 36 52
175 42 61
200 45 53
225 53 39
255 61 53
228 67 23
216 65 20
228 57 27
248 73 26
253 95 34
249 89 37
251 75 28
238 82 33
255 83 25
250 70 35
219 63 74
204 60 70
207 47 55
214 58 43
208 64 100
189 48 114
195 34 137
189 36 116
153 36 107
105 4 136
103 9 129
107 11 144
105 13 146
105 6 161
96 1 157
87 0 145
82 1 122
81 0 131
81 12 105
78 31 47
74 33 63
48 14 49
52 19 38
67 36 34
31 26 84
23 29 65
42 47 67
22 24 49
3 3 41
31 9 58
33 20 50
17 52 48
8 58 49
25 57 56
48 69 50
59 72 44
77 71 59
96 78 64
90 82 79
35 44 83
26 54 91
39 55 106
58 51 102
57 22 78
90 27 106
102 20 104
135 40 98
142 33 74
136 36 64
137 32 26
141 29 18
148 32 35
160 40 49
181 43 66
208 47 63
231 56 37
236 56 31
225 57 21
220 58 43
214 53 58
209 49 37
218 58 32
222 66 44
207 55 31
211 63 49
244 82 10
246 73 13
220 51 74
212 38 97
223 41 98
226 64 49
207 68 45
194 60 59
198 45 101
179 41 103
131 33 120
82 1 156
87 2 132
102 0 147
117 6 170
111 2 153
98 1 158
83 0 152
80 3 135
84 1 155
86 8 130
80 30 57
78 38 62
48 20 60
37 12 31
55 30 26
24 21 78
29 22 64
23 23 49
8 12 37
8 2 38
28 9 55
34 21 64
21 26 55
6 50 51
51 62 58
43 64 45
36 77 47
82 92 65
107 90 62
103 98 76
62 82 71
46 67 70
74 58 103
79 42 109
64 24 94
83 27 102
114 29 88
132 38 74
113 27 62
112 25 60
124 32 21
137 32 11
140 29 35
148 32 51
168 36 57
203 47 51
237 59 33
245 57 22
241 70 18
228 56 44
219 42 62
215 50 57
219 71 41
227 79 33
227 54 56
198 55 39
224 64 32
229 57 55
206 42 95
192 40 123
197 48 132
199 56 112
194 63 77
182 52 124
180 34 97
180 44 108
120 18 117
79 0 131
99 10 136
105 2 133
106 0 170
112 7 149
108 8 143
94 0 150
82 0 149
82 6 130
82 18 112
81 27 87
79 34 55
57 28 46
50 19 34
50 20 32
10 10 64
14 9 50
11 11 37
3 9 31
10 4 38
28 9 55
33 18 59
15 20 49
0 34 46
28 41 47
31 52 45
36 68 53
88 90 76
109 92 72
102 101 81
80 93 84
53 64 66
67 57 94
74 45 103
68 29 92
83 30 98
107 35 81
129 45 68
116 30 55
111 21 59
125 29 30
138 30 27
143 27 46
147 31 54
163 34 54
197 42 48
229 52 36
241 56 26
232 61 35
222 55 49
219 55 46
203 47 60
186 40 77
198 54 63
215 61 49
192 47 50
218 58 34
223 55 46
201 41 77
188 39 105
191 44 122
195 50 115
189 55 88
170 46 100
170 42 91
173 57 104
133 36 113
96 7 123
99 10 130
105 9 135
107 5 166
118 16 151
119 25 139
109 23 132
97 20 122
96 31 111
94 36 112
78 24 100
60 11 67
46 15 56
43 12 46
54 21 48
9 11 62
6 4 41
2 4 25
1 8 27
13 8 40
33 12 55
34 18 57
19 21 46
0 22 46
6 22 37
15 40 45
34 53 59
90 79 83
105 93 79
98 101 82
101 104 97
71 69 70
59 54 84
59 43 88
65 30 84
81 34 89
98 48 77
125 60 66
121 33 47
111 19 60
128 27 43
142 29 49
146 28 63
147 30 56
159 33 47
190 36 46
220 45 42
235 50 29
224 52 48
215 51 62
211 58 44
187 41 60
158 21 103
169 36 91
194 58 60
187 45 69
216 59 44
223 58 39
202 47 63
187 44 90
192 46 117
195 49 124
189 50 105
168 44 96
159 55 104
164 74 110
156 64 113
130 32 119
116 26 126
115 32 136
112 26 149
123 30 137
126 42 120
122 47 114
115 50 108
111 55 102
94 42 106
65 13 98
43 0 76
32 4 45
34 5 35
48 21 36
16 20 67
7 7 41
0 3 22
0 7 23
13 8 38
34 11 53
37 19 57
24 24 48
7 22 53
0 18 37
8 36 48
30 38 57
86 65 80
100 92 81
91 101 77
113 109 98
96 80 83
54 51 78
42 35 76
59 27 76
78 36 84
93 60 77
123 73 66
123 34 40
114 19 59
133 26 52
147 28 66
148 28 76
145 31 54
157 34 39
187 36 43
218 43 48
230 45 25
222 49 53
208 43 73
198 47 56
175 39 61
151 28 95
157 37 98
173 43 89
187 46 78
215 61 49
224 64 42
204 53 62
190 48 86
195 50 117
197 50 130
191 51 114
172 46 117
151 65 130
148 82 120
171 82 114
161 55 117
134 46 124
128 58 131
118 46 122
136 53 125
130 53 105
120 50 100
115 52 105
102 48 98
75 24 91
53 5 91
51 7 86
30 0 89
29 0 77
40 8 71
